100100111100111111010011010110101100000010101101
011111011011011111111000110001100101001010001111
000000001101011101011111110001011100010101100110
001100010110101100000100110010111111010001010000
001101000110000101011100000000110100010110011100
110010001010100000110001001000100011110010011011
100100010111010101110101010101111001001100010001
001101000000000010111010100001010110100010100101
001100000001100101011101010010011101011011010011
011111111010100111110100111101001101111011010111
101110011010101001111010100011110001001111011101
001100000000001110100011110111100111011100101101